[maureen.png]
filters=enhance=1;finetune2=1,0.409357,0.095439,0.050526,00808080,0.000000;
moddate=00fd46259d6dd501
width=500
height=700
textactive=0
